layout_spectrum: 0.9382979
typography_spectrum: 0.2404255
color:
  lightness: 0.2617021
  brandStrength: 0.3099392
  saturation: 0.6319149
  rhythmicContrast: 0.7127659
